time,x,y,z,phi,theta,psi,x_velocity,y_velocity,z_velocity,phi_velocity,theta_velocity,psi_velocity,rotor_speed1,rotor_speed2,rotor_speed3,rotor_speed4
0.06,-2.7246209313640064e-07,2.85854528937182e-07,10.002916281845636,6.282678323110231,0.0002625432362739488,0.0,-2.3625715075397998e-05,-5.022433791818117e-06,0.09720533571560444,-0.03637489865211123,0.01193964389675941,0.0,435.35801393866774,436.3556217156169,437.6837413376393,434.6464290698813
0.12000000000000001,-1.0911392414839516e-05,-1.9529262970247197e-05,10.01413119914836,6.281404998490807,0.0010943372827085796,0.0,-0.0004193524735928724,-0.0008403246690755612,0.27659794365635393,-0.0012188978727902967,0.017456664752281508,0.0,460.4621354201471,460.898179550013,460.7818109600712,463.5520578137766
0.18,-6.396349070186e-05,-0.0001087878903533177,10.034777457261944,6.2814411135716774,0.0018416540427690364,0.0,-0.0014479487797311342,-0.0021366317959074757,0.41157090518198064,0.004015517870791666,-0.0001226304649197471,0.0,448.7729894546678,447.34394723723346,447.6473880316717,448.0730478928311
0.23999999999999996,-0.00019106306763146079,-0.0002740594665921113,10.063702983282605,6.28181482871646,0.0017460786913172655,0.0,-0.0027832248144978537,-0.003338750495071369,0.5525551811325817,0.010323313844602257,-0.0047090394841854295,0.0,450.7112325079719,450.34049616417536,449.0506468391233,449.56186105405567
0.3,-0.00039612783940762953,-0.0005026017832522994,10.101604722423568,6.282135965217147,0.0015853976522652857,0.0,-0.0040279185286568545,-0.004224388622732637,0.7107507333585996,-0.007128445695491937,0.0011028143895143445,0.0,454.7805441548434,455.24580523676696,456.3468062217144,454.9517774985537
0.36000000000000004,-0.0006717086153584955,-0.0007800050066599817,10.147804713286247,6.281708339282801,0.0016693773427585157,0.0,-0.005165851751516766,-0.005067087138092734,0.8291700063805995,-0.007124405422300877,0.001986889471986877,0.0,443.3568939903222,443.42948428620997,443.09009054291124,443.090533197195
0.4200000000000001,-0.0010252532901577926,-0.0011242340849899233,10.205709090432192,6.281238973987101,0.0017063248984623414,0.0,-0.006628740189138405,-0.006463950922538302,1.100754403814048,-0.00925740982133399,-0.0022782577139623013,0.0,489.22487076163026,488.9072230653199,489.0958627736284,488.9371182008303
0.48000000000000015,-0.0014583280393033356,-0.0015540628672143903,10.27502867928649,6.281352866948819,0.0017370425788731936,0.0,-0.007801956828824878,-0.00787987229939964,1.2097891812423134,0.018013075566850265,0.0055784221635959644,0.0,439.82333907256765,440.47347951515303,440.6891770701697,442.93733072784505
0.5400000000000001,-0.001960395615303484,-0.0020577465681413856,10.348855274625798,6.28236263835614,0.0019921956970119226,0.0,-0.008961201846496148,-0.00881188177244433,1.251052966194447,0.014350799216845683,0.0014592766189719943,0.0,419.1368941636269,418.77871098931524,419.8785327207468,419.5606588280655
0.6000000000000002,-0.0025354722832581856,-0.002598847228870672,10.424861217545509,6.282894178361774,0.0021391436898152705,0.0,-0.01021878638972214,-0.00915786145034415,1.2824436273944606,-0.0053636894815624276,0.00435890934397556,0.0,415.5606286682567,415.8146495656685,417.48403693577205,415.76042360381246
0.6600000000000003,-0.0031917898316359884,-0.003154988582102101,10.503765154542627,6.282082785776435,0.0026783555227307687,0.0,-0.011698349827588909,-0.00942555423235921,1.347612672698575,-0.039620018814196384,0.016926652746475847,0.0,426.9438547764737,428.01458013664495,428.706259135401,425.7858440759646
0.7200000000000003,-0.003954550181494713,-0.0037527912140309194,10.58821816385819,6.280134967546786,0.003590883134375389,0.0,-0.013827978329041975,-0.010724832143651806,1.4673406845335697,-0.021032540980781306,0.011530580986781941,0.0,445.2954649916959,444.8537703360521,443.9977454491141,445.51948447390885
0.7800000000000004,-0.004845704075463365,-0.004450460950815835,10.675102941464884,6.278899461869457,0.004417284038471969,0.0,-0.01593949004750799,-0.012632755474595931,1.428867101353484,-0.01972454506531115,0.01791866287171705,0.0,392.4066929459509,392.99911432872284,392.72916175852447,392.8504086123247
0.8400000000000004,-0.005904598973999361,-0.005307772009035304,10.76523168750715,6.277729217389222,0.006025175880823852,0.0,-0.019506721218075312,-0.016071524790108583,1.5752327579178156,-0.01906677455065431,0.04035890643385096,0.0,451.3442800767163,453.15172600728357,454.47899225630715,454.53175278072456
0.9000000000000005,-0.007228561110682576,-0.006405510567791617,10.865637256088789,6.276619117571048,0.009161982776614508,0.0,-0.024954521744080995,-0.02064909542773802,1.7713334363810103,-0.017394814181488166,0.0691892448784693,0.0,467.67836854183605,469.91985084027704,468.71259623742134,468.8425823254601
0.9600000000000005,-0.008934457682999126,-0.007786046588354862,10.975227362244588,6.275729283829971,0.013658696081883193,0.0,-0.03235649084722511,-0.02546716581596255,1.881489514680872,-0.010140768031343943,0.0844982968884423,0.0,442.6937808496284,443.95594442995076,442.7530543697493,443.34952496850013
1.0200000000000005,-0.011257306373634394,-0.009511784771853419,11.096566494325032,6.274979031972467,0.018227074017933553,0.0,-0.04569895831933989,-0.03214055093586475,2.1626495215218005,-0.017708210551654308,0.0488384276033581,0.0,495.8665084755746,493.243735696943,494.3929480451141,493.835239266264
1.0800000000000005,-0.01441769081763205,-0.011627561066322277,11.230952710593984,6.273812068723089,0.02071645929178345,0.0,-0.05994733331502292,-0.03850507105585875,2.316584461531257,-0.02318105155325319,0.01974262837133285,0.0,459.2680320178776,456.9553684525155,458.452730212073,458.0177433961452
1.1400000000000006,-0.018559714688301823,-0.014188570139929491,11.378308209368427,6.272206819535409,0.02217424958217684,0.0,-0.07827900327701463,-0.04704689561692007,2.5946710866208904,-0.03507888808466999,0.032125527356379864,0.0,494.1527729218711,495.0647168865707,495.99590623670315,495.1212782101048
1.2000000000000006,-0.023739855754701285,-0.017255033504526413,11.537778200640568,6.270291705813637,0.02413824982018209,0.0,-0.094591804810673,-0.055377200604184815,2.720695608251031,-0.026248798653251915,0.03392183115939773,0.0,451.7260380379021,451.8712544404791,450.9223556261019,451.63472956692505
1.2600000000000007,-0.029829340936987817,-0.020799563327091847,11.700244754517444,6.269392782739249,0.026027409950155622,0.0,-0.108556687829841,-0.06287245559753322,2.6949107901192555,0.0012491146568416565,0.026106329648199592,0.0,403.10569946345356,402.3992834561264,401.2977107759806,403.7860481917637
1.3200000000000007,-0.0368352707270505,-0.024829466253511522,11.862973373589096,6.269522311976797,0.027962882406082912,0.0,-0.12513592052799347,-0.07144704486208808,2.72928926837162,0.003918957606912679,0.04235793451804524,0.0,422.3689629422638,423.76867492531846,422.5083078615435,422.738382678988
1.3800000000000008,-0.04486757519935137,-0.02936705391900999,12.027496684510995,6.270004890610215,0.030503516505866912,0.0,-0.1428371396470958,-0.07977145509504822,2.7547520234780403,0.01522579991946541,0.04231582931062763,0.0,420.3660182994287,420.3634575618525,419.3322026701403,420.3131659225313
1.4400000000000008,-0.05404561849503015,-0.034408136567014885,12.19472033416316,6.271197557352428,0.0334490412063726,0.0,-0.16336076213587955,-0.08815951450280485,2.819203578096412,0.027852444513805797,0.06002663696331338,0.0,432.4104595450789,433.9013837986307,432.300425472194,433.3630568700714
1.5000000000000009,-0.06453884152748693,-0.03993426986077365,12.366453997872652,6.272779839837938,0.03753620880165709,0.0,-0.1867937631738273,-0.09587985178741029,2.905023321617442,0.023231751443252173,0.0807272012777757,0.0,440.7648980021775,442.4757829040206,438.9372406474901,438.55376311240195
1.560000000000001,-0.07651803366509946,-0.04589084357316233,12.543153494680993,6.274048248960593,0.042477972423127675,0.0,-0.21298936553211603,-0.10253845398250362,2.9847338194206126,0.016589739411745116,0.08544618576317908,0.0,438.597170254586,438.99451860446294,438.9719327038529,438.4204175745973
1.620000000000001,-0.09012857635078436,-0.05221455043171878,12.723690925958358,6.274949909676717,0.047954650401583976,0.0,-0.24119206027838352,-0.10816098811746873,3.033027619077145,0.011704844175205639,0.10093493891271804,0.0,428.16076995033933,429.4837295398767,429.6599515973027,429.24550744420566
1.680000000000001,-0.10590161466769794,-0.058919180502410635,12.914506992393388,6.2757082913997735,0.05395393114922964,0.0,-0.2853234881060868,-0.11522456786317134,3.3266552706560892,0.0144467292449815,0.09802513449463132,0.0,502.62024895407234,502.4166741942583,503.3306134408742,503.5288669701038
1.740000000000001,-0.12411044990662803,-0.06597762539723889,13.116206582462537,6.276265582546003,0.06011443072130884,0.0,-0.3222148705999089,-0.11998324733820015,3.3964192269704636,-0.0038052356706542124,0.11064139687975237,0.0,437.1356747737901,438.1950167069864,439.5921592138734,438.07695642369043
1.8000000000000012,-0.14486607990010736,-0.07333810119536184,13.325486868427697,6.276133562985695,0.06683014802035547,0.0,-0.3703677924703633,-0.12538218523089484,3.578977529939707,0.0008306379798182009,0.11438409314730212,0.0,473.09743137977625,473.395794134412,473.3305611352446,473.6872513952772
1.8600000000000012,-0.1683705373661166,-0.0809935896463647,13.54135365969443,6.275709573882523,0.07400493033984379,0.0,-0.41375837601507937,-0.1298088655692224,3.616406478120779,-0.031655159042331196,0.1283390555201227,0.0,428.871168525352,430.0681747981493,431.301353746558,428.54876740510997
1.9200000000000013,-0.19482627074889003,-0.08895136291953354,13.762236046847717,6.273580609418808,0.08193628307774237,0.0,-0.46889950729098145,-0.13565887024915085,3.7458407899479575,-0.04451386142483004,0.13894457376250413,0.0,458.46288967188946,459.3201814474471,459.784171128616,458.7637091008507
1.9800000000000013,-0.22487492398398268,-0.09732219861340814,13.992183433993846,6.270673560136142,0.09103438920398332,0.0,-0.5336639980509912,-0.1436744272718045,3.91838482498553,-0.05779069727390885,0.1693082581589503,0.0,471.0760840497301,473.437760425081,474.42520445895883,473.4033191076797
2.0400000000000014,-0.25877105380380805,-0.10620671512053823,14.229749317320048,6.267936852755621,0.10110218050153374,0.0,-0.5971831005131748,-0.1527713741526927,4.000067838597063,-0.028439585250242604,0.16459210797767104,0.0,447.63292332691395,447.27567057641807,444.9801091138815,447.3750986568982
2.1000000000000014,-0.2966046882448078,-0.11567409038031888,14.471465156065598,6.266846973684174,0.11107252669643053,0.0,-0.6648642017127405,-0.16293123635229842,4.0567925957641195,-0.003006554072169064,0.16915534125759787,0.0,439.45400398132585,439.8588045171143,438.86848581797904,440.9745580506915
2.1600000000000015,-0.3385050109583478,-0.1257396679286381,14.714902201234414,6.266978547092329,0.12109467030779086,0.0,-0.7326920637876333,-0.17258681026119255,4.057634789410155,0.010965565124354934,0.1624253316446307,0.0,423.298200087746,422.74680278594315,420.96271145941216,422.1701068499846
2.2200000000000015,-0.38508993288592225,-0.13643646058125894,14.961918563644362,6.26715807885553,0.13087188497759428,0.0,-0.8211046955874082,-0.18391049635054368,4.1756442382532715,-0.022025842983943555,0.16398829830264713,0.0,460.21113701539844,460.3591307727559,461.06315877797084,458.44903017208424
2.2800000000000016,-0.43674262617073273,-0.14776220080757732,15.212649149789948,6.265678007773582,0.14112323110144764,0.0,-0.9015333024918692,-0.19373404794086818,4.181845323358149,-0.030557731210946036,0.18190008318492235,0.0,425.6982413969834,427.257350359547,425.31214643260216,424.58057631754673
2.3400000000000016,-0.49348410001856147,-0.15971440987299648,15.46425126422861,6.263719152879483,0.1524340013257488,0.0,-0.9908412868807632,-0.20483911462185778,4.20459470323322,-0.037193320088729886,0.19922018039508838,0.0,430.8784089893072,432.37566335932587,431.92699965281554,431.3665152780185
2.4000000000000017,-0.5563661937498673,-0.17244240465960578,15.72084637632468,6.2612421841339945,0.16431948411786035,0.0,-1.1064286079275665,-0.21966424517869987,4.3477457977337535,-0.05106211293536233,0.1957365258556419,0.0,469.1939752399873,468.9595342649006,471.67484268029267,470.60162338379666
2.4600000000000017,-0.6265050259481513,-0.18612477993879223,15.986344818343355,6.258118620908675,0.1759937987841491,0.0,-1.2327089127427457,-0.23673389727679078,4.501278115703332,-0.05413170608450489,0.1921387431466192,0.0,474.6930394413112,474.4511596277883,475.4159646272559,475.17912738679667
2.520000000000002,-0.7041792545830468,-0.20085723954481555,16.259329787518904,6.254392882074786,0.18761604006971755,0.0,-1.3575252251785614,-0.25467399000751745,4.597499129259774,-0.08703453026269628,0.19665935927404843,0.0,459.00633502401706,459.40023298402593,460.9131821071925,458.3020879788754
2.580000000000002,-0.7887355759146659,-0.21661763759152494,16.53362382432067,6.249095613519023,0.19972180715635535,0.0,-1.4620003963977868,-0.27108763681128145,4.5455340681971625,-0.0909182519423264,0.2103842456595043,0.0,412.0579970187739,413.3127583371878,412.6052587960098,412.25503835306614
2.640000000000002,-0.880543764158021,-0.233581578233005,16.808582405355594,6.243698688826925,0.21252734553139163,0.0,-1.5994414436121482,-0.2948836765014207,4.619027419592578,-0.08807828245076806,0.21889461661518775,0.0,454.11613858766975,454.84208586898785,453.86499472690593,454.0863175617944
2.700000000000002,-0.9809341051590618,-0.2520915236148047,17.08824220474441,6.238792674294178,0.225145649687704,0.0,-1.7480986646508088,-0.3225861863131462,4.702142159014273,-0.07145424764701185,0.18154364626203026,0.0,460.17928279405487,457.25340641088883,458.2717764651191,459.5861246238448
2.760000000000002,-1.0896476569599718,-0.2721914529306982,17.369174919245793,6.234690700204094,0.2359797838897597,0.0,-1.8765918520623637,-0.34774261644668597,4.662058399367314,-0.06281516115012287,0.17854765529623096,0.0,420.4400472197503,420.2139229521176,419.833432805958,420.5786021270418
2.820000000000002,-1.2077200055105846,-0.29416193167091986,17.65369683142215,6.231133716578039,0.24669586366654794,0.0,-2.0601474394608337,-0.38495269284573763,4.820794919310067,-0.053021049222937794,0.17870830366045945,0.0,484.36363668853306,484.40362376504714,483.67445767692044,484.4094206476233
2.880000000000002,-1.3363927561073181,-0.31830313473434796,17.945086220248395,6.227799324876839,0.2570277637960672,0.0,-2.2298702625379856,-0.4200293254202867,4.891355905706852,-0.061237931312263974,0.15419360206800126,0.0,460.69573612311376,458.77993785280796,459.97639144067807,459.32312287093043
2.940000000000002,-1.4752658914472323,-0.3445739241270427,18.23993965197718,6.224021243912823,0.26582070377470757,0.0,-2.400009036796628,-0.45597537935504023,4.936388797118973,-0.06667262494430061,0.12336334646062842,0.0,455.12591962607604,452.6702452816547,452.9774804005544,452.53735789483966
3.000000000000002,-1.6226215165040345,-0.37265665124568303,18.530535062343727,6.221006065320122,0.27311002400575646,0.0,-2.5125054716059387,-0.48034895614883943,4.75060692826976,-0.02915403643896509,0.11745206126644343,0.0,373.8338437686863,373.2736572502565,371.97842813651897,375.6327081819657
3.0600000000000023,-1.778392697252187,-0.40258052953020645,18.815513001335002,6.219208984460202,0.2805094103218284,0.0,-2.680484215942132,-0.5172422689971397,4.748209986343324,-0.031595352946900294,0.13303200452323924,0.0,438.26324904185145,439.57032422046103,438.0602341429171,437.8568489735887
3.1200000000000023,-1.9443908084624328,-0.4347482016519063,19.100316003065007,6.217780199077982,0.2882780228953763,0.0,-2.8534568800072555,-0.555126373233076,4.74473471337164,-0.011586555696064085,0.121210371027294,0.0,439.4556581972653,438.48999787523405,438.44910100864286,440.10844999211685
3.1800000000000024,-2.1209427656909323,-0.46921457443893727,19.384959116479255,6.216867256191701,0.2952933213136353,0.0,-3.032219500446051,-0.5937927108074207,4.742871698143351,-0.02369556114675134,0.10656633590671581,0.0,440.6502027917492,439.4500585685095,441.9357374976905,440.9364326465954
3.2400000000000024,-2.3097860139256756,-0.5063280552347384,19.67411643666135,6.215853772619635,0.30142851979255525,0.0,-3.263009425718736,-0.6433722206663186,4.894415657955682,-0.0059175563882171295,0.09182404774949053,0.0,491.32186987382124,490.2354023364115,488.9790186909789,490.3018771657299
3.3000000000000025,-2.5107895089478434,-0.5460356168998248,19.96643935032861,6.215790861874055,0.30733438202856167,0.0,-3.4376328344522875,-0.6802150188217699,4.849400595622368,0.007246159583142654,0.10913793626952621,0.0,429.1421767424413,430.61812924797914,429.7024736117592,430.8171879174011
3.3600000000000025,-2.7228050299480016,-0.5880388797022438,20.2573245635784,6.2162546078267855,0.31375106366993055,0.0,-3.630110885572618,-0.7198238261659791,4.846224924098093,0.00867791955077513,0.10215597600952726,0.0,444.93304138604543,444.3709615005924,445.01878190963316,445.13586882883965
3.4200000000000026,-2.9471113675702094,-0.6325329266287014,20.549841258321003,6.217262311241463,0.31974182233862525,0.0,-3.8472484399840705,-0.7631821719953098,4.903445918517657,0.029437436065780812,0.09477601415884687,0.0,465.915074552377,465.3457000675869,464.90732120198186,466.53125874794404
3.4800000000000026,-3.1837745412074487,-0.6794427249609927,20.84331162590568,6.219791426440288,0.32544424073023936,0.0,-4.042045018949007,-0.8002710504441307,4.878451542667289,0.059861892238110684,0.09556332993459436,0.0,440.8088600325586,440.88168527650515,439.3477215429293,441.86443356495914
3.5400000000000027,-3.433100504579872,-0.7286869797388497,21.137748152977593,6.223062196113817,0.3320311401909981,0.0,-4.269317979809552,-0.8408242501573114,4.935157141364359,0.04078763235553741,0.12892455241048684,0.0,467.1969245430198,469.8007359082721,469.05901337889856,467.57685412969374
3.6000000000000028,-3.69534064091345,-0.7801516386197196,21.43298549542351,6.225467860356122,0.33951372732911533,0.0,-4.472693633866123,-0.8744399722362453,4.905525470073098,0.038670985002976076,0.11457373173404209,0.0,443.5010277090693,442.33458473775437,441.9145658895756,441.7408527574006
3.660000000000003,-3.9695046669919383,-0.8335220480482327,21.725175057270288,6.228237749865848,0.3463960832435058,0.0,-4.66676820097921,-0.9043686638634296,4.833802272965484,0.058026523566774534,0.11496878637859557,0.0,428.7703658389981,428.81619769677314,428.86418689576027,430.50672152698377
3.720000000000003,-4.255849649562053,-0.8887011805038354,22.014101910917976,6.23162603153312,0.3531806821094641,0.0,-4.878697981479193,-0.9346375328661257,4.796543723769194,0.053165446221000445,0.10899902510899573,0.0,442.24105253292225,441.76038250911694,441.88143019089733,441.4826249143588
3.780000000000003,-4.555583245643864,-0.9457121091368178,22.30215483399592,6.235648440866251,0.3593127394436948,0.0,-5.112979611313727,-0.9653713693467617,4.804393207015328,0.08586739296041478,0.08297486097634034,0.0,460.0456127416769,457.9883339024052,455.88138932732977,458.4904605124889
3.840000000000003,-4.870450134278572,-1.0046044712859992,22.593091224615442,6.241110309870097,0.3645530908390109,0.0,-5.382940861983458,-0.9971311989180661,4.89222026173951,0.09974680632249977,0.09488115523736296,0.0,484.36670067044525,485.26702856467995,485.2157448444853,486.2629090206108
3.900000000000003,-5.2003475705841025,-1.0651480699600724,22.88579060236657,6.246969851864597,0.3698751020770912,0.0,-5.614192065185673,-1.020487920232767,4.863782968256058,0.09312107272120544,0.07197702028359526,0.0,450.76695932311554,448.91806087585525,451.7415117047289,451.21478490218084
3.960000000000003,-5.542888760611524,-1.1268734457379181,23.173217528494746,6.2525872230157304,0.37448124408273387,0.0,-5.804523245716223,-1.0366768821222325,4.717196175877395,0.09460726690788636,0.08494627016193051,0.0,410.03035781143814,411.1863697966154,410.81912323296035,410.95911513490034
4.020000000000002,-5.898682246836339,-1.1896260391244886,23.456151955874045,6.257924324572862,0.37972423835035496,0.0,-6.055769038390248,-1.054587935258551,4.713106873517191,0.07416880882812102,0.09185614607577397,0.0,459.5558529740067,460.10938694277144,461.1387810732727,459.52722230384177
4.080000000000001,-6.269494408609592,-1.253352217497218,23.738261810481326,6.262594818853181,0.3855190198444989,0.0,-6.305211904717945,-1.0692301493823841,4.68974824735504,0.08432371252428739,0.10465516025808033,0.0,454.62785492309615,455.66010271072514,455.7370691221296,456.55282750355025
4.14,-6.655452130636083,-1.317878111251783,24.01894534086932,6.267843129093944,0.39189632110306327,0.0,-6.560672273995875,-1.0811993311788681,4.665484876395525,0.09311938690218259,0.10936705222886578,0.0,457.5978921017203,457.98243548633326,456.27828254869786,456.9861938490927
4.199999999999998,-7.057016622067485,-1.3830372122154346,24.298352215627535,6.27307856385864,0.39893354477318077,0.0,-6.825465189886505,-1.0903111169281101,4.647071183897578,0.07172995742452784,0.12967693158403157,0.0,460.30416268390877,461.9205539881859,462.07193374200034,460.38806648067754
4.259999999999997,-7.472323579229655,-1.4486076784185784,24.571048866344004,6.2775569239252444,0.40671744058369974,0.0,-7.019078896320448,-1.0951327965462427,4.442903300566177,0.07989885730820401,0.12984058724515823,0.0,397.0739774836557,397.1066062299697,397.7962646763479,398.54887747698683
4.319999999999996,-7.900046109064762,-1.5144237048610847,24.832893027870007,6.282486208996097,0.4152697977710247,0.0,-7.239285053919112,-1.0984342525923425,4.2849354463603735,0.0863201787393291,0.16022152333767012,0.0,413.4268655134019,416.1156351618742,414.80380841134786,415.37346831338976
4.379999999999995,-8.341938670322678,-1.580375105857746,25.0869042079909,0.004318680294852939,0.4244957470830668,0.0,-7.4914045888991945,-1.099590024786876,4.181309869120549,0.07762183586379115,0.1359762466369497,0.0,436.66876706869243,434.6633981995113,435.6622969030131,434.94004684837284
4.439999999999993,-8.800670888037462,-1.6463091128677252,25.337903449456505,0.009299820630151778,0.43310654710465446,0.0,-7.800399443409637,-1.097804146089833,4.183816405866624,0.09206808973530797,0.15542136269693838,0.0,472.3904330505343,473.90542719621885,472.9720982136056,474.08873350044416
4.499999999999992,-9.277545673156613,-1.7120620710134915,25.587554762150823,0.0148269907885199,0.4424042666687198,0.0,-8.096276999874265,-1.093541316451488,4.1365621780715705,0.09222205673203443,0.1540282752108266,0.0,461.0479548525289,460.95959756622136,459.6027941938599,459.6218373562277
4.559999999999991,-9.772577516299211,-1.7774674807273476,25.83458606891964,0.020320939669709936,0.4519057217850522,0.0,-8.405619358144602,-1.0862227445886081,4.096329695672623,0.09022091976111847,0.1658426957248111,0.0,465.00094915367663,465.94819023749534,466.07458241100954,465.9247328671184
4.6199999999999894,-10.285069684599241,-1.8424069398072103,26.076288892998107,0.025586218803389293,0.4617060442858181,0.0,-8.678466358784002,-1.0780937510010569,3.95949722010608,0.08230335286462459,0.15779884864485413,0.0,435.47520397889963,434.82763408134974,436.6477999290156,435.9931088352721
4.679999999999988,-10.816774710573727,-1.9066544606397797,26.31486632794582,0.030370957056119252,0.4710517252634876,0.0,-9.04571232417791,-1.0631061757657603,3.9908574331137197,0.0740684303572629,0.15134476399946736,0.0,495.0371801203046,494.58213675406233,495.1281929324052,494.52619794841496
4.739999999999987,-11.367372153734149,-1.9701279038274946,26.548467758146202,0.03627137304125139,0.47986829524106245,0.0,-9.308644353615355,-1.0523838793230482,3.79521592899044,0.1251310757531268,0.1362532395505046,0.0,421.99985978636255,420.7160850266444,419.5976300158896,424.0165121324992
4.799999999999986,-11.933705904814856,-2.0329076139664544,26.76969342508129,0.04369219748125275,0.4882982806856555,0.0,-9.57031291876518,-1.0398854182817345,3.5784387710021592,0.12061193327967923,0.14786098107820284,0.0,414.0127431681073,415.0529271025081,416.06192841763794,415.6809628912142
4.859999999999984,-12.51630401897991,-2.094833209287848,26.978405776171744,0.050669238000503825,0.4971714228887665,0.0,-9.850775361342725,-1.023927746243211,3.3778367365466093,0.10581216890340968,0.14793504163887677,0.0,422.3438620659596,422.37201612235555,424.0810775064876,422.8202235887255
4.919999999999983,-13.11609488468689,-2.155717702156675,27.17515236559686,0.057061595731119574,0.5065725232035287,0.0,-10.143412711795602,-1.0052331146081173,3.1794221901838093,0.10795408977170151,0.17007938073947848,0.0,425.0013707557127,426.9197141140696,425.73356875578327,425.92734374451845
4.979999999999982,-13.736269456080148,-2.215145886877885,27.364422467830376,0.06313129697785858,0.5171037400031748,0.0,-10.529923496554876,-0.9753323208145965,3.127273922337988,0.08195954577266726,0.1846248171415648,0.0,479.5921565975375,480.7229150205102,481.94657909133457,479.9849960451013
5.0399999999999805,-14.37770388251075,-2.272950929997913,27.54641184828393,0.06764801388135666,0.5280259374922904,0.0,-10.852378030986216,-0.9513033815302455,2.937587136159399,0.05654292074653227,0.1762898066280721,0.0,437.4831260303686,436.8209572600488,438.8564502720138,436.74531180511775
